-4.36000e+03 1.60000e+01
-4.43200e+03 1.60000e+01
-4.38800e+03 1.60000e+01
-4.39200e+03 1.60000e+01
-4.38400e+03 1.60000e+01
-4.36000e+03 1.60000e+01
-4.32000e+03 1.60000e+01
-4.36400e+03 1.60000e+01
-4.37200e+03 1.60000e+01
-4.40800e+03 1.60000e+01
-4.41200e+03 1.60000e+01
-4.36400e+03 1.60000e+01
-4.43600e+03 1.60000e+01
-4.44800e+03 1.60000e+01
-4.42800e+03 1.60000e+01
-4.37600e+03 1.60000e+01
-4.38400e+03 1.60000e+01
-4.41600e+03 1.60000e+01
-4.39200e+03 1.60000e+01
-4.43600e+03 1.60000e+01
-4.36000e+03 1.60000e+01
-4.41200e+03 1.60000e+01
-4.36800e+03 1.60000e+01
-4.43600e+03 1.60000e+01
-4.44000e+03 1.60000e+01
-4.46800e+03 1.60000e+01
-4.47600e+03 1.60000e+01
-4.51200e+03 1.60000e+01
-4.47600e+03 1.60000e+01
-4.40800e+03 1.60000e+01
-4.45200e+03 1.60000e+01
-4.43600e+03 1.60000e+01
-4.42000e+03 1.60000e+01
-4.37200e+03 1.60000e+01
-4.38800e+03 1.60000e+01
-4.35200e+03 1.60000e+01
-4.34000e+03 1.60000e+01
-4.26800e+03 1.60000e+01
-4.34800e+03 1.60000e+01
-4.35200e+03 1.60000e+01
-4.36400e+03 1.60000e+01
-4.29200e+03 1.60000e+01
-4.37200e+03 1.60000e+01
-4.46400e+03 1.60000e+01
-4.43600e+03 1.60000e+01
-4.49200e+03 1.60000e+01
-4.46000e+03 1.60000e+01
-4.42400e+03 1.60000e+01
-4.40400e+03 1.60000e+01
-4.40800e+03 1.60000e+01
-4.44800e+03 1.60000e+01
-4.47200e+03 1.60000e+01
-4.34400e+03 1.60000e+01
-4.39200e+03 1.60000e+01
-4.42800e+03 1.60000e+01
-4.41200e+03 1.60000e+01
-4.40400e+03 1.60000e+01
-4.44800e+03 1.60000e+01
-4.34400e+03 1.60000e+01
-4.43600e+03 1.60000e+01
-4.36000e+03 1.60000e+01
-4.38800e+03 1.60000e+01
-4.33600e+03 1.60000e+01
-4.34800e+03 1.60000e+01
-4.29200e+03 1.60000e+01
-4.34800e+03 1.60000e+01
-4.36400e+03 1.60000e+01
-4.38000e+03 1.60000e+01
-4.36800e+03 1.60000e+01
-4.37200e+03 1.60000e+01
-4.41600e+03 1.60000e+01
-4.40800e+03 1.60000e+01
-4.43600e+03 1.60000e+01
-4.40000e+03 1.60000e+01
-4.37200e+03 1.60000e+01
-4.37200e+03 1.60000e+01
-4.35600e+03 1.60000e+01
-4.35200e+03 1.60000e+01
-4.38000e+03 1.60000e+01
-4.36800e+03 1.60000e+01
-4.41200e+03 1.60000e+01
-4.37200e+03 1.60000e+01
-4.40800e+03 1.60000e+01
-4.34400e+03 1.60000e+01
-4.40800e+03 1.60000e+01
-4.35200e+03 1.60000e+01
-4.38800e+03 1.60000e+01
-4.42000e+03 1.60000e+01
-4.39200e+03 1.60000e+01
-4.41200e+03 1.60000e+01
-4.34400e+03 1.60000e+01
-4.34000e+03 1.60000e+01
-4.27200e+03 1.60000e+01
-4.33600e+03 1.60000e+01
-4.40400e+03 1.60000e+01
-4.37200e+03 1.60000e+01
-4.37600e+03 1.60000e+01
-4.38400e+03 1.60000e+01
-4.39600e+03 1.60000e+01
-4.36000e+03 1.60000e+01
-4.36400e+03 1.60000e+01
-4.33600e+03 1.60000e+01
-4.39200e+03 1.60000e+01
-4.37600e+03 1.60000e+01
-4.44400e+03 1.60000e+01
-4.46000e+03 1.60000e+01
-4.47600e+03 1.60000e+01
-4.43200e+03 1.60000e+01
-4.46400e+03 1.60000e+01
-4.42400e+03 1.60000e+01
-4.44800e+03 1.60000e+01
-4.36000e+03 1.60000e+01
-4.36800e+03 1.60000e+01
-4.38800e+03 1.60000e+01
-4.33600e+03 1.60000e+01
-4.33200e+03 1.60000e+01
-4.37200e+03 1.60000e+01
-4.37600e+03 1.60000e+01
-4.40000e+03 1.60000e+01
-4.36800e+03 1.60000e+01
-4.35600e+03 1.60000e+01
-4.27600e+03 1.60000e+01
-4.38400e+03 1.60000e+01
-4.34800e+03 1.60000e+01
-4.38000e+03 1.60000e+01
-4.37600e+03 1.60000e+01
-4.31600e+03 1.60000e+01
-4.29600e+03 1.60000e+01
-4.33200e+03 1.60000e+01
-4.36400e+03 1.60000e+01
-4.40800e+03 1.60000e+01
-4.38400e+03 1.60000e+01
-4.36800e+03 1.60000e+01
-4.39600e+03 1.60000e+01
-4.37600e+03 1.60000e+01
-4.45200e+03 1.60000e+01
-4.42400e+03 1.60000e+01
-4.47200e+03 1.60000e+01
-4.39600e+03 1.60000e+01
-4.36800e+03 1.60000e+01
-4.37600e+03 1.60000e+01
-4.42400e+03 1.60000e+01
-4.40000e+03 1.60000e+01
-4.39200e+03 1.60000e+01
-4.36400e+03 1.60000e+01
-4.36800e+03 1.60000e+01
-4.30800e+03 1.60000e+01
-4.31200e+03 1.60000e+01
-4.36800e+03 1.60000e+01
-4.39600e+03 1.60000e+01
-4.37600e+03 1.60000e+01
-4.42400e+03 1.60000e+01
-4.38400e+03 1.60000e+01
-4.41200e+03 1.60000e+01
-4.40800e+03 1.60000e+01
-4.42400e+03 1.60000e+01
-4.41200e+03 1.60000e+01
-4.41600e+03 1.60000e+01
-4.44400e+03 1.60000e+01
-4.42000e+03 1.60000e+01
-4.40400e+03 1.60000e+01
-4.42800e+03 1.60000e+01
-4.42800e+03 1.60000e+01
-4.40400e+03 1.60000e+01
-4.41600e+03 1.60000e+01
-4.36000e+03 1.60000e+01
-4.35600e+03 1.60000e+01
-4.37600e+03 1.60000e+01
-4.34000e+03 1.60000e+01
-4.33200e+03 1.60000e+01
-4.35600e+03 1.60000e+01
-4.33200e+03 1.60000e+01
-4.30400e+03 1.60000e+01
-4.47600e+03 1.60000e+01
-4.37200e+03 1.60000e+01
-4.32000e+03 1.60000e+01
-4.36800e+03 1.60000e+01
-4.41200e+03 1.60000e+01
-4.37600e+03 1.60000e+01
-4.36000e+03 1.60000e+01
-4.36400e+03 1.60000e+01
-4.37600e+03 1.60000e+01
-4.36800e+03 1.60000e+01
-4.39600e+03 1.60000e+01
-4.37200e+03 1.60000e+01
-4.34800e+03 1.60000e+01
-4.31600e+03 1.60000e+01
-4.43200e+03 1.60000e+01
-4.45200e+03 1.60000e+01
-4.42400e+03 1.60000e+01
-4.42400e+03 1.60000e+01
-4.40000e+03 1.60000e+01
-4.39600e+03 1.60000e+01
-4.42000e+03 1.60000e+01
-4.50000e+03 1.60000e+01
-4.38000e+03 1.60000e+01
-4.31200e+03 1.60000e+01
-4.27600e+03 1.60000e+01
-4.41200e+03 1.60000e+01
-4.43200e+03 1.60000e+01
-4.37200e+03 1.60000e+01
-4.34800e+03 1.60000e+01
-4.37600e+03 1.60000e+01
-4.33200e+03 1.60000e+01
-4.37200e+03 1.60000e+01
-4.34800e+03 1.60000e+01
-4.42000e+03 1.60000e+01
-4.48800e+03 1.60000e+01
-4.48400e+03 1.60000e+01
-4.42800e+03 1.60000e+01
-4.35600e+03 1.60000e+01
-4.30400e+03 1.60000e+01
-4.33600e+03 1.60000e+01
-4.38800e+03 1.60000e+01
-4.44000e+03 1.60000e+01
-4.45600e+03 1.60000e+01
-4.29600e+03 1.60000e+01
-4.43200e+03 1.60000e+01
-4.42000e+03 1.60000e+01
-4.36800e+03 1.60000e+01
-4.38000e+03 1.60000e+01
-4.41200e+03 1.60000e+01
-4.36800e+03 1.60000e+01
-4.33200e+03 1.60000e+01
-4.43200e+03 1.60000e+01
-4.41600e+03 1.60000e+01
-4.45200e+03 1.60000e+01
-4.43200e+03 1.60000e+01
-4.42800e+03 1.60000e+01
-4.38400e+03 1.60000e+01
-4.37200e+03 1.60000e+01
-4.38800e+03 1.60000e+01
-4.42400e+03 1.60000e+01
-4.42000e+03 1.60000e+01
-4.42400e+03 1.60000e+01
-4.40400e+03 1.60000e+01
-4.40400e+03 1.60000e+01
-4.46800e+03 1.60000e+01
-4.44000e+03 1.60000e+01
-4.42400e+03 1.60000e+01
-4.39600e+03 1.60000e+01
-4.44400e+03 1.60000e+01
-4.50800e+03 1.60000e+01
-4.50400e+03 1.60000e+01
-4.50000e+03 1.60000e+01
-4.50400e+03 1.60000e+01
-4.45200e+03 1.60000e+01
-4.46400e+03 1.60000e+01
-4.40400e+03 1.60000e+01
-4.41200e+03 1.60000e+01
-4.48000e+03 1.60000e+01
-4.51600e+03 1.60000e+01
-4.49200e+03 1.60000e+01
-4.48000e+03 1.60000e+01
-4.46800e+03 1.60000e+01
-4.46000e+03 1.60000e+01
-4.42000e+03 1.60000e+01
-4.38000e+03 1.60000e+01
-4.38800e+03 1.60000e+01
-4.42800e+03 1.60000e+01
-4.33200e+03 1.60000e+01
-4.42000e+03 1.60000e+01
-4.44400e+03 1.60000e+01
-4.51200e+03 1.60000e+01
-4.49600e+03 1.60000e+01
-4.56800e+03 1.60000e+01
-4.51600e+03 1.60000e+01
-4.53600e+03 1.60000e+01
-4.54000e+03 1.60000e+01
-4.48800e+03 1.60000e+01
-4.44800e+03 1.60000e+01
-4.36400e+03 1.60000e+01
-4.36400e+03 1.60000e+01
-4.36800e+03 1.60000e+01
-4.36800e+03 1.60000e+01
-4.35200e+03 1.60000e+01
-4.40400e+03 1.60000e+01
-4.46800e+03 1.60000e+01
-4.41200e+03 1.60000e+01
-4.38000e+03 1.60000e+01
-4.39600e+03 1.60000e+01
-4.34800e+03 1.60000e+01
-4.31600e+03 1.60000e+01
-4.21600e+03 1.60000e+01
-4.25600e+03 1.60000e+01
-4.36000e+03 1.60000e+01
-4.37200e+03 1.60000e+01
-4.37600e+03 1.60000e+01
-4.35600e+03 1.60000e+01
-4.33200e+03 1.60000e+01
-4.34400e+03 1.60000e+01
-4.38000e+03 1.60000e+01
-4.43600e+03 1.60000e+01
-4.47200e+03 1.60000e+01
-4.42800e+03 1.60000e+01
-4.37600e+03 1.60000e+01
-4.40800e+03 1.60000e+01
-4.41600e+03 1.60000e+01
-4.46000e+03 1.60000e+01
-4.42800e+03 1.60000e+01
-4.40000e+03 1.60000e+01
-4.36400e+03 1.60000e+01
-4.40400e+03 1.60000e+01
-4.38000e+03 1.60000e+01
-4.38400e+03 1.60000e+01
-4.37600e+03 1.60000e+01
-4.36000e+03 1.60000e+01
-4.38000e+03 1.60000e+01
-4.36400e+03 1.60000e+01
-4.39600e+03 1.60000e+01
-4.40000e+03 1.60000e+01
-4.44400e+03 1.60000e+01
-4.41600e+03 1.60000e+01
-4.41600e+03 1.60000e+01
-4.40800e+03 1.60000e+01
-4.39200e+03 1.60000e+01
-4.40800e+03 1.60000e+01
-4.36400e+03 1.60000e+01
-4.40800e+03 1.60000e+01
-4.36000e+03 1.60000e+01
-4.38800e+03 1.60000e+01
-4.47200e+03 1.60000e+01
-4.39200e+03 1.60000e+01
-4.38800e+03 1.60000e+01
-4.40000e+03 1.60000e+01
-4.41200e+03 1.60000e+01
-4.43200e+03 1.60000e+01
-4.41600e+03 1.60000e+01
-4.39600e+03 1.60000e+01
-4.44000e+03 1.60000e+01
-4.43200e+03 1.60000e+01
-4.46400e+03 1.60000e+01
-4.48000e+03 1.60000e+01
-4.46800e+03 1.60000e+01
-4.47600e+03 1.60000e+01
-4.41600e+03 1.60000e+01
-4.37600e+03 1.60000e+01
-4.32400e+03 1.60000e+01
-4.34800e+03 1.60000e+01
-4.31600e+03 1.60000e+01
-4.39200e+03 1.60000e+01
-4.44000e+03 1.60000e+01
-4.41200e+03 1.60000e+01
-4.38000e+03 1.60000e+01
-4.34800e+03 1.60000e+01
-4.41200e+03 1.60000e+01
-4.47200e+03 1.60000e+01
-4.44800e+03 1.60000e+01
-4.43600e+03 1.60000e+01
-4.44000e+03 1.60000e+01
-4.38800e+03 1.60000e+01
-4.45600e+03 1.60000e+01
-4.48800e+03 1.60000e+01
-4.43600e+03 1.60000e+01
-4.42000e+03 1.60000e+01
-4.49600e+03 1.60000e+01
-4.39200e+03 1.60000e+01
-4.47600e+03 1.60000e+01
-4.40800e+03 1.60000e+01
-4.48800e+03 1.60000e+01
-4.44000e+03 1.60000e+01
-4.38000e+03 1.60000e+01
-4.42800e+03 1.60000e+01
-4.41200e+03 1.60000e+01
-4.40000e+03 1.60000e+01
-4.42000e+03 1.60000e+01
-4.40800e+03 1.60000e+01
-4.43200e+03 1.60000e+01
-4.40400e+03 1.60000e+01
-4.41200e+03 1.60000e+01
-4.47600e+03 1.60000e+01
-4.36000e+03 1.60000e+01
-4.38400e+03 1.60000e+01
-4.35600e+03 1.60000e+01
-4.37200e+03 1.60000e+01
-4.35200e+03 1.60000e+01
-4.38400e+03 1.60000e+01
-4.39600e+03 1.60000e+01
-4.41200e+03 1.60000e+01
-4.36400e+03 1.60000e+01
-4.42400e+03 1.60000e+01
-4.44400e+03 1.60000e+01
-4.44800e+03 1.60000e+01
-4.46000e+03 1.60000e+01
-4.42800e+03 1.60000e+01
-4.38400e+03 1.60000e+01
-4.44800e+03 1.60000e+01
-4.44800e+03 1.60000e+01
-4.49200e+03 1.60000e+01
-4.47600e+03 1.60000e+01
-4.42800e+03 1.60000e+01
-4.40800e+03 1.60000e+01
-4.35600e+03 1.60000e+01
-4.41600e+03 1.60000e+01
-4.43200e+03 1.60000e+01
-4.45600e+03 1.60000e+01
-4.45200e+03 1.60000e+01
-4.45200e+03 1.60000e+01
-4.44800e+03 1.60000e+01
-4.40800e+03 1.60000e+01
-4.39600e+03 1.60000e+01
-4.42000e+03 1.60000e+01
-4.39200e+03 1.60000e+01
-4.39600e+03 1.60000e+01
-4.41200e+03 1.60000e+01
-4.32000e+03 1.60000e+01
-4.41600e+03 1.60000e+01
-4.36800e+03 1.60000e+01
-4.44000e+03 1.60000e+01
-4.39200e+03 1.60000e+01
-4.40000e+03 1.60000e+01
-4.38000e+03 1.60000e+01
-4.39600e+03 1.60000e+01
-4.43200e+03 1.60000e+01
-4.41600e+03 1.60000e+01
-4.38400e+03 1.60000e+01
-4.32000e+03 1.60000e+01
-4.33600e+03 1.60000e+01
-4.36000e+03 1.60000e+01
-4.44800e+03 1.60000e+01
-4.44000e+03 1.60000e+01
-4.44000e+03 1.60000e+01
-4.50000e+03 1.60000e+01
-4.45600e+03 1.60000e+01
-4.44400e+03 1.60000e+01
-4.45600e+03 1.60000e+01
-4.44000e+03 1.60000e+01
-4.40000e+03 1.60000e+01
-4.42400e+03 1.60000e+01
-4.45600e+03 1.60000e+01
-4.42000e+03 1.60000e+01
-4.48400e+03 1.60000e+01
-4.50800e+03 1.60000e+01
-4.43600e+03 1.60000e+01
-4.48800e+03 1.60000e+01
-4.43200e+03 1.60000e+01
-4.47200e+03 1.60000e+01
-4.47200e+03 1.60000e+01
-4.41200e+03 1.60000e+01
-4.39600e+03 1.60000e+01
-4.43600e+03 1.60000e+01
-4.49200e+03 1.60000e+01
-4.40800e+03 1.60000e+01
-4.37200e+03 1.60000e+01
-4.38800e+03 1.60000e+01
-4.42000e+03 1.60000e+01
-4.40400e+03 1.60000e+01
-4.44800e+03 1.60000e+01
-4.43600e+03 1.60000e+01
-4.44800e+03 1.60000e+01
-4.45200e+03 1.60000e+01
-4.36000e+03 1.60000e+01
-4.38800e+03 1.60000e+01
-4.45200e+03 1.60000e+01
-4.47600e+03 1.60000e+01
-4.41200e+03 1.60000e+01
-4.38400e+03 1.60000e+01
-4.31600e+03 1.60000e+01
-4.39600e+03 1.60000e+01
-4.37600e+03 1.60000e+01
-4.36800e+03 1.60000e+01
-4.39200e+03 1.60000e+01
-4.41200e+03 1.60000e+01
-4.34400e+03 1.60000e+01
-4.36400e+03 1.60000e+01
-4.40000e+03 1.60000e+01
-4.37200e+03 1.60000e+01
-4.35200e+03 1.60000e+01
-4.42000e+03 1.60000e+01
-4.40400e+03 1.60000e+01
-4.47200e+03 1.60000e+01
-4.45600e+03 1.60000e+01
-4.50400e+03 1.60000e+01
-4.45200e+03 1.60000e+01
-4.40800e+03 1.60000e+01
-4.41200e+03 1.60000e+01
-4.39200e+03 1.60000e+01
-4.45200e+03 1.60000e+01
-4.44400e+03 1.60000e+01
-4.45600e+03 1.60000e+01
-4.44400e+03 1.60000e+01
-4.38800e+03 1.60000e+01
-4.41600e+03 1.60000e+01
-4.46000e+03 1.60000e+01
-4.52000e+03 1.60000e+01
-4.48000e+03 1.60000e+01
-4.44000e+03 1.60000e+01
-4.45200e+03 1.60000e+01
-4.41200e+03 1.60000e+01
-4.38400e+03 1.60000e+01
-4.35600e+03 1.60000e+01
-4.45200e+03 1.60000e+01
-4.49600e+03 1.60000e+01
-4.49600e+03 1.60000e+01
-4.46400e+03 1.60000e+01
-4.46800e+03 1.60000e+01
-4.44800e+03 1.60000e+01
-4.46800e+03 1.60000e+01
-4.51600e+03 1.60000e+01
-4.45600e+03 1.60000e+01
-4.40800e+03 1.60000e+01
-4.45600e+03 1.60000e+01
-4.46000e+03 1.60000e+01
-4.50000e+03 1.60000e+01
-4.44400e+03 1.60000e+01
-4.44800e+03 1.60000e+01
-4.41600e+03 1.60000e+01
-4.42800e+03 1.60000e+01
-4.44800e+03 1.60000e+01
-4.44000e+03 1.60000e+01
-4.44400e+03 1.60000e+01
-4.40400e+03 1.60000e+01
-4.42000e+03 1.60000e+01
-4.43200e+03 1.60000e+01
-4.44800e+03 1.60000e+01
-4.44400e+03 1.60000e+01
-4.48000e+03 1.60000e+01
-4.44800e+03 1.60000e+01
-4.39200e+03 1.60000e+01
-4.39600e+03 1.60000e+01
-4.34400e+03 1.60000e+01
-4.37200e+03 1.60000e+01
-4.35600e+03 1.60000e+01
-4.40800e+03 1.60000e+01
-4.32000e+03 1.60000e+01
-4.39600e+03 1.60000e+01
-4.40000e+03 1.60000e+01
-4.44000e+03 1.60000e+01
-4.45600e+03 1.60000e+01
-4.38000e+03 1.60000e+01
-4.35200e+03 1.60000e+01
-4.35600e+03 1.60000e+01
-4.44800e+03 1.60000e+01
-4.40000e+03 1.60000e+01
-4.40400e+03 1.60000e+01
-4.39200e+03 1.60000e+01
-4.40400e+03 1.60000e+01
-4.40400e+03 1.60000e+01
-4.42800e+03 1.60000e+01
-4.44400e+03 1.60000e+01
-4.46000e+03 1.60000e+01
-4.44800e+03 1.60000e+01
-4.46400e+03 1.60000e+01
-4.43200e+03 1.60000e+01
-4.43600e+03 1.60000e+01
-4.39200e+03 1.60000e+01
-4.41600e+03 1.60000e+01
-4.40400e+03 1.60000e+01
-4.46800e+03 1.60000e+01
-4.46800e+03 1.60000e+01
-4.38800e+03 1.60000e+01
-4.44400e+03 1.60000e+01
-4.40800e+03 1.60000e+01
-4.40800e+03 1.60000e+01
-4.41600e+03 1.60000e+01
-4.44800e+03 1.60000e+01
-4.44000e+03 1.60000e+01
-4.44800e+03 1.60000e+01
-4.46400e+03 1.60000e+01
-4.45600e+03 1.60000e+01
-4.44400e+03 1.60000e+01
-4.45200e+03 1.60000e+01
-4.41200e+03 1.60000e+01
-4.39200e+03 1.60000e+01
-4.50000e+03 1.60000e+01
-4.55600e+03 1.60000e+01
-4.57200e+03 1.60000e+01
-4.53200e+03 1.60000e+01
-4.54400e+03 1.60000e+01
-4.54000e+03 1.60000e+01
-4.52400e+03 1.60000e+01
-4.48000e+03 1.60000e+01
-4.42800e+03 1.60000e+01
-4.48400e+03 1.60000e+01
-4.40000e+03 1.60000e+01
-4.43600e+03 1.60000e+01
-4.43600e+03 1.60000e+01
-4.42800e+03 1.60000e+01
-4.46400e+03 1.60000e+01
-4.46400e+03 1.60000e+01
-4.42400e+03 1.60000e+01
-4.38000e+03 1.60000e+01
-4.40000e+03 1.60000e+01
-4.38400e+03 1.60000e+01
-4.36400e+03 1.60000e+01
-4.28800e+03 1.60000e+01
-4.31200e+03 1.60000e+01
-4.35600e+03 1.60000e+01
-4.37200e+03 1.60000e+01
-4.29600e+03 1.60000e+01
-4.44800e+03 1.60000e+01
-4.50000e+03 1.60000e+01
-4.45200e+03 1.60000e+01
-4.49600e+03 1.60000e+01
-4.42800e+03 1.60000e+01
-4.41600e+03 1.60000e+01
-4.39200e+03 1.60000e+01
-4.44800e+03 1.60000e+01
-4.47600e+03 1.60000e+01
-4.42000e+03 1.60000e+01
-4.40800e+03 1.60000e+01
-4.43600e+03 1.60000e+01
-4.39600e+03 1.60000e+01
-4.45200e+03 1.60000e+01
-4.41200e+03 1.60000e+01
-4.48000e+03 1.60000e+01
-4.47200e+03 1.60000e+01
-4.41600e+03 1.60000e+01
-4.45200e+03 1.60000e+01
-4.44000e+03 1.60000e+01
-4.39600e+03 1.60000e+01
-4.41600e+03 1.60000e+01
-4.39200e+03 1.60000e+01
-4.40000e+03 1.60000e+01
-4.40800e+03 1.60000e+01
-4.44000e+03 1.60000e+01
-4.32800e+03 1.60000e+01
-4.28400e+03 1.60000e+01
-4.30800e+03 1.60000e+01
-4.37600e+03 1.60000e+01
-4.37200e+03 1.60000e+01
-4.41200e+03 1.60000e+01
-4.48000e+03 1.60000e+01
-4.40000e+03 1.60000e+01
-4.36400e+03 1.60000e+01
-4.39600e+03 1.60000e+01
-4.40000e+03 1.60000e+01
-4.36800e+03 1.60000e+01
-4.40000e+03 1.60000e+01
-4.44000e+03 1.60000e+01
-4.46000e+03 1.60000e+01
-4.47600e+03 1.60000e+01
-4.43200e+03 1.60000e+01
-4.42800e+03 1.60000e+01
-4.37200e+03 1.60000e+01
-4.38400e+03 1.60000e+01
-4.28400e+03 1.60000e+01
-4.38800e+03 1.60000e+01
-4.39600e+03 1.60000e+01
-4.43200e+03 1.60000e+01
-4.44800e+03 1.60000e+01
-4.43600e+03 1.60000e+01
-4.42000e+03 1.60000e+01
-4.44400e+03 1.60000e+01
-4.46000e+03 1.60000e+01
-4.43600e+03 1.60000e+01
-4.42400e+03 1.60000e+01
-4.47200e+03 1.60000e+01
-4.47600e+03 1.60000e+01
-4.44000e+03 1.60000e+01
-4.47200e+03 1.60000e+01
-4.53200e+03 1.60000e+01
-4.50000e+03 1.60000e+01
-4.42000e+03 1.60000e+01
-4.42400e+03 1.60000e+01
-4.46400e+03 1.60000e+01
-4.48800e+03 1.60000e+01
-4.51600e+03 1.60000e+01
-4.51600e+03 1.60000e+01
-4.48800e+03 1.60000e+01
-4.46800e+03 1.60000e+01
-4.45200e+03 1.60000e+01
-4.46400e+03 1.60000e+01
-4.38800e+03 1.60000e+01
-4.39200e+03 1.60000e+01
-4.42000e+03 1.60000e+01
-4.39600e+03 1.60000e+01
-4.44400e+03 1.60000e+01
-4.44400e+03 1.60000e+01
-4.43200e+03 1.60000e+01
-4.32000e+03 1.60000e+01
-4.33200e+03 1.60000e+01
-4.34000e+03 1.60000e+01
-4.29200e+03 1.60000e+01
-4.35600e+03 1.60000e+01
-4.38000e+03 1.60000e+01
-4.44000e+03 1.60000e+01
-4.44000e+03 1.60000e+01
-4.42000e+03 1.60000e+01
-4.47200e+03 1.60000e+01
-4.50000e+03 1.60000e+01
-4.49600e+03 1.60000e+01
-4.47600e+03 1.60000e+01
-4.39600e+03 1.60000e+01
-4.46800e+03 1.60000e+01
-4.47200e+03 1.60000e+01
-4.42000e+03 1.60000e+01
-4.38800e+03 1.60000e+01
-4.36400e+03 1.60000e+01
-4.36400e+03 1.60000e+01
-4.45200e+03 1.60000e+01
-4.49200e+03 1.60000e+01
-4.51600e+03 1.60000e+01
-4.43600e+03 1.60000e+01
-4.44800e+03 1.60000e+01
-4.42400e+03 1.60000e+01
-4.46800e+03 1.60000e+01
-4.46800e+03 1.60000e+01
-4.50400e+03 1.60000e+01
-4.41600e+03 1.60000e+01
-4.40800e+03 1.60000e+01
-4.47200e+03 1.60000e+01
-4.52400e+03 1.60000e+01
-4.48400e+03 1.60000e+01
-4.45600e+03 1.60000e+01
-4.41200e+03 1.60000e+01
-4.36000e+03 1.60000e+01
-4.34000e+03 1.60000e+01
-4.34800e+03 1.60000e+01
-4.40000e+03 1.60000e+01
-4.45200e+03 1.60000e+01
-4.49600e+03 1.60000e+01
-4.46000e+03 1.60000e+01
-4.47200e+03 1.60000e+01
-4.49200e+03 1.60000e+01
-4.50800e+03 1.60000e+01
-4.42400e+03 1.60000e+01
-4.48000e+03 1.60000e+01
-4.44800e+03 1.60000e+01
-4.45200e+03 1.60000e+01
-4.45600e+03 1.60000e+01
-4.41600e+03 1.60000e+01
-4.46800e+03 1.60000e+01
-4.42400e+03 1.60000e+01
-4.34000e+03 1.60000e+01
-4.40000e+03 1.60000e+01
-4.40800e+03 1.60000e+01
-4.38000e+03 1.60000e+01
-4.42000e+03 1.60000e+01
-4.40000e+03 1.60000e+01
-4.38800e+03 1.60000e+01
-4.41600e+03 1.60000e+01
-4.42400e+03 1.60000e+01
-4.37200e+03 1.60000e+01
-4.34000e+03 1.60000e+01
-4.35200e+03 1.60000e+01
-4.40000e+03 1.60000e+01
-4.37200e+03 1.60000e+01
-4.35200e+03 1.60000e+01
-4.28400e+03 1.60000e+01
-4.29200e+03 1.60000e+01
-4.32000e+03 1.60000e+01
-4.38800e+03 1.60000e+01
-4.44800e+03 1.60000e+01
-4.44400e+03 1.60000e+01
-4.39600e+03 1.60000e+01
-4.46000e+03 1.60000e+01
-4.46000e+03 1.60000e+01
-4.47600e+03 1.60000e+01
-4.46400e+03 1.60000e+01
-4.33600e+03 1.60000e+01
-4.43200e+03 1.60000e+01
-4.38000e+03 1.60000e+01
-4.40000e+03 1.60000e+01
-4.41200e+03 1.60000e+01
-4.38400e+03 1.60000e+01
-4.41600e+03 1.60000e+01
-4.37200e+03 1.60000e+01
-4.37600e+03 1.60000e+01
-4.40000e+03 1.60000e+01
-4.41200e+03 1.60000e+01
-4.43600e+03 1.60000e+01
-4.38000e+03 1.60000e+01
-4.33200e+03 1.60000e+01
-4.33200e+03 1.60000e+01
-4.37600e+03 1.60000e+01
-4.36800e+03 1.60000e+01
-4.28400e+03 1.60000e+01
-4.35200e+03 1.60000e+01
-4.35200e+03 1.60000e+01
-4.41200e+03 1.60000e+01
-4.44400e+03 1.60000e+01
-4.36400e+03 1.60000e+01
-4.41600e+03 1.60000e+01
-4.41200e+03 1.60000e+01
-4.34400e+03 1.60000e+01
-4.41200e+03 1.60000e+01
-4.43600e+03 1.60000e+01
-4.48000e+03 1.60000e+01
-4.46400e+03 1.60000e+01
-4.46000e+03 1.60000e+01
-4.44800e+03 1.60000e+01
-4.42800e+03 1.60000e+01
-4.47200e+03 1.60000e+01
-4.45200e+03 1.60000e+01
-4.39600e+03 1.60000e+01
-4.38800e+03 1.60000e+01
-4.47200e+03 1.60000e+01
-4.42000e+03 1.60000e+01
-4.45200e+03 1.60000e+01
-4.44400e+03 1.60000e+01
-4.38400e+03 1.60000e+01
-4.32800e+03 1.60000e+01
-4.32800e+03 1.60000e+01
-4.36800e+03 1.60000e+01
-4.33600e+03 1.60000e+01
-4.38000e+03 1.60000e+01
-4.31600e+03 1.60000e+01
-4.38800e+03 1.60000e+01
-4.36400e+03 1.60000e+01
-4.39600e+03 1.60000e+01
-4.38000e+03 1.60000e+01
-4.40000e+03 1.60000e+01
-4.49200e+03 1.60000e+01
-4.45600e+03 1.60000e+01
-4.44400e+03 1.60000e+01
-4.39200e+03 1.60000e+01
-4.35600e+03 1.60000e+01
-4.38000e+03 1.60000e+01
-4.44400e+03 1.60000e+01
-4.36400e+03 1.60000e+01
-4.37200e+03 1.60000e+01
-4.32800e+03 1.60000e+01
-4.34400e+03 1.60000e+01
-4.36800e+03 1.60000e+01
-4.40800e+03 1.60000e+01
-4.41200e+03 1.60000e+01
-4.33600e+03 1.60000e+01
-4.36800e+03 1.60000e+01
-4.36400e+03 1.60000e+01
-4.44800e+03 1.60000e+01
-4.43200e+03 1.60000e+01
-4.44800e+03 1.60000e+01
-4.42800e+03 1.60000e+01
-4.41200e+03 1.60000e+01
-4.40400e+03 1.60000e+01
-4.45200e+03 1.60000e+01
-4.45600e+03 1.60000e+01
-4.43600e+03 1.60000e+01
-4.33600e+03 1.60000e+01
-4.31600e+03 1.60000e+01
-4.36800e+03 1.60000e+01
-4.34800e+03 1.60000e+01
-4.34800e+03 1.60000e+01
-4.38800e+03 1.60000e+01
-4.44400e+03 1.60000e+01
-4.45600e+03 1.60000e+01
-4.40400e+03 1.60000e+01
-4.35600e+03 1.60000e+01
-4.34000e+03 1.60000e+01
-4.35600e+03 1.60000e+01
-4.41200e+03 1.60000e+01
-4.34800e+03 1.60000e+01
-4.38000e+03 1.60000e+01
-4.38400e+03 1.60000e+01
-4.45200e+03 1.60000e+01
-4.38400e+03 1.60000e+01
-4.34800e+03 1.60000e+01
-4.42800e+03 1.60000e+01
-4.42000e+03 1.60000e+01
-4.33200e+03 1.60000e+01
-4.36400e+03 1.60000e+01
-4.38400e+03 1.60000e+01
-4.40800e+03 1.60000e+01
-4.39200e+03 1.60000e+01
-4.35200e+03 1.60000e+01
-4.41600e+03 1.60000e+01
-4.41200e+03 1.60000e+01
-4.46800e+03 1.60000e+01
-4.41200e+03 1.60000e+01
-4.45600e+03 1.60000e+01
-4.48000e+03 1.60000e+01
-4.50400e+03 1.60000e+01
-4.46800e+03 1.60000e+01
-4.45200e+03 1.60000e+01
-4.47600e+03 1.60000e+01
-4.42000e+03 1.60000e+01
-4.45600e+03 1.60000e+01
-4.49200e+03 1.60000e+01
-4.49600e+03 1.60000e+01
-4.49200e+03 1.60000e+01
-4.45200e+03 1.60000e+01
-4.43600e+03 1.60000e+01
-4.43600e+03 1.60000e+01
-4.47200e+03 1.60000e+01
-4.41600e+03 1.60000e+01
-4.39600e+03 1.60000e+01
-4.32800e+03 1.60000e+01
-4.34800e+03 1.60000e+01
-4.36800e+03 1.60000e+01
-4.39200e+03 1.60000e+01
-4.37200e+03 1.60000e+01
-4.34400e+03 1.60000e+01
-4.38000e+03 1.60000e+01
-4.40000e+03 1.60000e+01
-4.40000e+03 1.60000e+01
-4.36000e+03 1.60000e+01
-4.38400e+03 1.60000e+01
-4.38800e+03 1.60000e+01
-4.42400e+03 1.60000e+01
-4.35200e+03 1.60000e+01
-4.30000e+03 1.60000e+01
-4.33200e+03 1.60000e+01
-4.34400e+03 1.60000e+01
-4.38800e+03 1.60000e+01
-4.36000e+03 1.60000e+01
-4.42800e+03 1.60000e+01
-4.49600e+03 1.60000e+01
-4.50000e+03 1.60000e+01
-4.54400e+03 1.60000e+01
-4.51600e+03 1.60000e+01
-4.43600e+03 1.60000e+01
-4.42000e+03 1.60000e+01
-4.42800e+03 1.60000e+01
-4.45200e+03 1.60000e+01
-4.45600e+03 1.60000e+01
-4.48400e+03 1.60000e+01
-4.44400e+03 1.60000e+01
-4.48000e+03 1.60000e+01
-4.39600e+03 1.60000e+01
-4.47200e+03 1.60000e+01
-4.46800e+03 1.60000e+01
-4.44400e+03 1.60000e+01
-4.42000e+03 1.60000e+01
-4.40000e+03 1.60000e+01
-4.43200e+03 1.60000e+01
-4.38000e+03 1.60000e+01
-4.46000e+03 1.60000e+01
-4.43600e+03 1.60000e+01
-4.46400e+03 1.60000e+01
-4.41600e+03 1.60000e+01
-4.42400e+03 1.60000e+01
-4.47600e+03 1.60000e+01
-4.43200e+03 1.60000e+01
-4.36000e+03 1.60000e+01
-4.37200e+03 1.60000e+01
-4.30800e+03 1.60000e+01
-4.26400e+03 1.60000e+01
-4.32800e+03 1.60000e+01
-4.33200e+03 1.60000e+01
-4.32400e+03 1.60000e+01
-4.36000e+03 1.60000e+01
-4.34800e+03 1.60000e+01
-4.40000e+03 1.60000e+01
-4.41200e+03 1.60000e+01
-4.40400e+03 1.60000e+01
-4.46400e+03 1.60000e+01
-4.44800e+03 1.60000e+01
-4.47200e+03 1.60000e+01
-4.44000e+03 1.60000e+01
-4.45200e+03 1.60000e+01
-4.44400e+03 1.60000e+01
-4.36800e+03 1.60000e+01
-4.39200e+03 1.60000e+01
-4.43200e+03 1.60000e+01
-4.43600e+03 1.60000e+01
-4.39600e+03 1.60000e+01
-4.33600e+03 1.60000e+01
-4.38000e+03 1.60000e+01
-4.40000e+03 1.60000e+01
-4.36800e+03 1.60000e+01
-4.38000e+03 1.60000e+01
-4.40800e+03 1.60000e+01
-4.36800e+03 1.60000e+01
-4.43600e+03 1.60000e+01
-4.46400e+03 1.60000e+01
-4.50000e+03 1.60000e+01
-4.46000e+03 1.60000e+01
-4.41200e+03 1.60000e+01
-4.48800e+03 1.60000e+01
-4.44400e+03 1.60000e+01
-4.47200e+03 1.60000e+01
-4.46400e+03 1.60000e+01
-4.43600e+03 1.60000e+01
-4.37200e+03 1.60000e+01
-4.39200e+03 1.60000e+01
-4.46000e+03 1.60000e+01
-4.46400e+03 1.60000e+01
-4.43600e+03 1.60000e+01
-4.42000e+03 1.60000e+01
-4.50000e+03 1.60000e+01
-4.49600e+03 1.60000e+01
-4.49200e+03 1.60000e+01
-4.55200e+03 1.60000e+01
-4.55200e+03 1.60000e+01
-4.53200e+03 1.60000e+01
-4.55600e+03 1.60000e+01
-4.49600e+03 1.60000e+01
-4.50000e+03 1.60000e+01
-4.48000e+03 1.60000e+01
-4.50000e+03 1.60000e+01
-4.41200e+03 1.60000e+01
-4.42000e+03 1.60000e+01
-4.41200e+03 1.60000e+01
-4.39200e+03 1.60000e+01
-4.40000e+03 1.60000e+01
-4.42400e+03 1.60000e+01
-4.43600e+03 1.60000e+01
-4.41600e+03 1.60000e+01
-4.33600e+03 1.60000e+01
-4.39600e+03 1.60000e+01
-4.42400e+03 1.60000e+01
-4.33200e+03 1.60000e+01
-4.32800e+03 1.60000e+01
-4.42400e+03 1.60000e+01
-4.39200e+03 1.60000e+01
-4.40400e+03 1.60000e+01
-4.34000e+03 1.60000e+01
-4.39200e+03 1.60000e+01
